Some((
    red: 0.2627451,
    green: 0.29803923,
    blue: 0.36862746,
))